ep_X:
 [[-6. -4. -2.  0.  2.  4.  6.]
 [-6. -4. -2.  0.  2.  4.  6.]
 [-6. -4. -2.  0.  2.  4.  6.]
 [-6. -4. -2.  0.  2.  4.  6.]
 [-6. -4. -2.  0.  2.  4.  6.]
 [-6. -4. -2.  0.  2.  4.  6.]
 [-6. -4. -2.  0.  2.  4.  6.]] 

ep_Y:
 [[-6. -6. -6. -6. -6. -6. -6.]
 [-4. -4. -4. -4. -4. -4. -4.]
 [-2. -2. -2. -2. -2. -2. -2.]
 [ 0.  0.  0.  0.  0.  0.  0.]
 [ 2.  2.  2.  2.  2.  2.  2.]
 [ 4.  4.  4.  4.  4.  4.  4.]
 [ 6.  6.  6.  6.  6.  6.  6.]] 

Toten:
 [[432. 308. 224. 180. 176. 212. 288.]
 [308. 192. 116.  80.  84. 128. 212.]
 [224. 116.  48.  20.  32.  84. 176.]
 [180.  80.  20.   0.  20.  80. 180.]
 [176.  84.  32.  20.  48. 116. 224.]
 [212. 128.  84.  80. 116. 192. 308.]
 [288. 212. 176. 180. 224. 308. 432.]] 

