ATOM_NAME = Mo Te
DIM = 4 4 1
FREQUENCY_CONVERSION_FACTOR = 521.3706217
BAND =    0.0 0.0 0.0   0.3333333333   0.3333333333   0.0   0.5   0.0   0.0 0.0 0.0 0.0
BAND_LABELS= $\Gamma$  K M $\Gamma$